name: PinkRigs
channels:
  - conda-forge
  - defaults
dependencies:
  - blas=1.0=mkl
  - bzip2=1.0.8=h8ffe710_4
  - ca-certificates=2021.10.26=haa95532_2
  - certifi=2021.10.8=py37haa95532_0
  - icc_rt=2019.0.0=h0cc432a_1
  - intel-openmp=2022.0.0=h57928b3_3663
  - libblas=3.9.0=12_win64_mkl
  - libcblas=3.9.0=12_win64_mkl
  - libffi=3.4.2=h8ffe710_5
  - liblapack=3.9.0=12_win64_mkl
  - libzlib=1.2.11=h8ffe710_1013
  - m2w64-gcc-libgfortran=5.3.0=6
  - m2w64-gcc-libs=5.3.0=7
  - m2w64-gcc-libs-core=5.3.0=7
  - m2w64-gmp=6.1.0=2
  - m2w64-libwinpthread-git=5.0.0.4634.697f757=2
  - mkl=2021.4.0=h0e2418a_729
  - mkl-service=2.4.0=py37h2bbff1b_0
  - mkl_fft=1.3.1=py37h277e83a_0
  - mkl_random=1.2.2=py37hf11a4ad_0
  - msys2-conda-epoch=20160418=1
  - numpy=1.21.2=py37hfca59bb_0
  - numpy-base=1.21.2=py37h0829f74_0
  - openssl=1.1.1l=h2bbff1b_0
  - pip=21.3.1=pyhd8ed1ab_0
  - powershell_shortcut=0.0.1=3
  - python=3.7.11=h6244533_0
  - scipy=1.7.1=py37hbe87c03_2
  - setuptools=58.0.4=py37haa95532_0
  - six=1.16.0=pyhd3eb1b0_0
  - sqlite=3.37.0=h8ffe710_0
  - tbb=2021.5.0=h2d74725_0
  - tk=8.6.11=h8ffe710_1
  - tzdata=2021e=he74cb21_0
  - ucrt=10.0.20348.0=h57928b3_0
  - vc=14.2=hb210afc_5
  - vs2015_runtime=14.29.30037=h902a5da_5
  - wheel=0.37.1=pyhd8ed1ab_0
  - wincertstore=0.2=py37haa95532_2
  - xz=5.2.5=h62dcd97_1
  - pip:
    - pandas==1.3.5
    - pathlib==1.0.1
    - python-dateutil==2.8.2
    - pytz==2021.3
prefix: C:\Users\Flora\anaconda3\envs\PinkRigs

